second


Iteration No: 1 started. Evaluating function at random point.
{'n_estimators': 2000}
[Parallel(n_jobs=-1)]: Using backend LokyBackend with 4 concurrent workers.
[Parallel(n_jobs=-1)]: Done  17 tasks      | elapsed: 45.4min
[Parallel(n_jobs=-1)]: Done  66 out of  66 | elapsed: 153.4min finished
[0.0632449  0.05015186 0.0572623  0.06054944 0.05258869 0.05442715
 0.05064069 0.05441295 0.0588866  0.05475239 0.05651281 0.05649361
 0.0568792  0.06538614 0.05427177 0.05309055 0.05505548 0.06088887
 0.05984462 0.05362776 0.05680017 0.0495826  0.05060839 0.04411891
 0.04018034 0.03944707 0.04595211 0.04721029 0.04744816 0.04606992
 0.05417695 0.04562654 0.04532878 0.04984013 0.05060496 0.05621876
 0.04718067 0.04997483 0.0530573  0.0525934  0.05604402 0.05740295
 0.05956671 0.0557301  0.05363721 0.03186736 0.04079622 0.0420059
 0.04782352 0.03952106 0.0419372  0.04196857 0.04593045 0.0483956
 0.03973868 0.04004209 0.04426592 0.05131842 0.04423834 0.04701565
 0.04727617 0.04594358 0.0458099  0.04886259 0.0501045  0.04176803]


{'fit_time': array([395.54395843, 385.91505432, 391.54032373, 396.57981491,
       383.50951815, 384.33379698, 387.46859622, 388.59723711,
       386.45680094, 387.70989728, 388.94738793, 395.3851335 ,
       393.97933769, 385.75844741, 385.82349968, 386.46178007,
       383.63815928, 389.13596249, 387.01215243, 389.06699991,
       393.01481533, 387.99522638, 381.43394279, 382.28166533,
       382.65904832, 383.40000629, 387.07661343, 381.74325633,
       384.58257151, 384.19434261, 394.36666465, 388.15211821,
       387.16028476, 387.29410672, 390.67733574, 389.82974958,
       389.55002022, 389.1516602 , 386.07884026, 384.00602317,
       387.48262405, 386.13853097, 384.65203547, 388.29810834,
       388.3362391 , 385.93071342, 384.53076434, 386.91970229,
       388.8979547 , 385.06959581, 386.43459892, 387.59323645,
       390.42787957, 384.96580482, 385.16441917, 385.85893869,
       395.20526242, 384.81752682, 392.22405744, 390.37130618,
       395.64091396, 391.12251377, 390.96147275, 392.2439363 ,
       265.97083616, 257.89960003]), 


       'score_time': array([25.33178997, 24.71352816, 25.89225936, 26.18474722, 24.99795222,
       25.93047643, 27.07344604, 26.9881115 , 24.10375023, 26.7906692 ,
       27.92409325, 27.04520082, 25.76740575, 27.92265058, 26.68314457,
       26.62153411, 24.43753028, 27.19395733, 27.93583393, 27.34913778,
       25.01503205, 28.13121629, 27.96443057, 28.15148973, 25.69719386,
       28.40065885, 28.23288774, 28.04932499, 25.2383635 , 28.41342545,
       28.55845332, 27.31293058, 24.79570198, 26.85847163, 28.42611861,
       27.94752526, 24.62378931, 26.09834814, 27.85817695, 28.86763048,
       24.83239937, 27.86039972, 28.05005813, 28.92017865, 24.81015062,
       28.89454722, 28.76885343, 28.17257714, 25.01617098, 28.10480738,
       25.31980348, 25.48090553, 25.08574605, 28.38573003, 29.5027225 ,
       26.91327715, 25.09715605, 27.81886744, 27.94511962, 28.78584933,
       24.90766525, 28.28821564, 27.98435593, 29.50746393, 18.82787156,
       18.27664208]), 


       'estimator': (LGBMRegressor(colsample_bytree=0.1, gpu_id=0, learning_rate=0.01, max_depth=5,


 'test_score': array([0.0632449 , 0.05015186, 0.0572623 , 0.06054944, 0.05258869,
       0.05442715, 0.05064069, 0.05441295, 0.0588866 , 0.05475239,
       0.05651281, 0.05649361, 0.0568792 , 0.06538614, 0.05427177,
       0.05309055, 0.05505548, 0.06088887, 0.05984462, 0.05362776,
       0.05680017, 0.0495826 , 0.05060839, 0.04411891, 0.04018034,
       0.03944707, 0.04595211, 0.04721029, 0.04744816, 0.04606992,
       0.05417695, 0.04562654, 0.04532878, 0.04984013, 0.05060496,
       0.05621876, 0.04718067, 0.04997483, 0.0530573 , 0.0525934 ,
       0.05604402, 0.05740295, 0.05956671, 0.0557301 , 0.05363721,
       0.03186736, 0.04079622, 0.0420059 , 0.04782352, 0.03952106,
       0.0419372 , 0.04196857, 0.04593045, 0.0483956 , 0.03973868,
       0.04004209, 0.04426592, 0.05131842, 0.04423834, 0.04701565,
       0.04727617, 0.04594358, 0.0458099 , 0.04886259, 0.0501045 ,
       0.04176803]), 


       'train_score': array([0.21140972, 0.21509443, 0.21301317, 0.21429591, 0.21389728,
       0.21142969, 0.21241638, 0.21282082, 0.21424336, 0.21333316,
       0.21268128, 0.21073889, 0.21038053, 0.21191109, 0.21174294,
       0.20823069, 0.21128866, 0.21017318, 0.2121164 , 0.21031663,
       0.20960849, 0.21038118, 0.2131352 , 0.21318671, 0.21066657,
       0.21260588, 0.21197552, 0.21456998, 0.21255453, 0.21228847,
       0.21039404, 0.21141931, 0.2076681 , 0.21119589, 0.21003267,
       0.2129797 , 0.2104016 , 0.21085457, 0.21082978, 0.20968532,
       0.21179575, 0.2119185 , 0.21379038, 0.21172594, 0.21135049,
       0.20663795, 0.21176122, 0.21119018, 0.21379319, 0.21177021,
       0.21082123, 0.20837349, 0.20790251, 0.20989275, 0.2083535 ,
       0.20789936, 0.21003024, 0.21304916, 0.21117784, 0.21030911,
       0.21029997, 0.21005278, 0.21016509, 0.21120167, 0.21225915,
       0.20830856])}



0.05015149669077761


Iteration No: 1 ended. Evaluation done at random point.
Time taken: 9217.2471
Function value obtained: -0.0502
Current minimum: -0.0502